$ANSIBLE_VAULT;1.1;AES256
31353963373161386534386161353930363836346334376238323436316134373664326361623233
6537363435646561306330393464396332646236633566360a363763323066616430316536626266
38316236386432333137643038316364396636313633366166313331373136656365653831333461
3538363035623031330a653434326436316265373533333033373763343531343931663137386531
62656562616337386162643166626132363339383430373732346166636638353335356466376532
31323866333330343664666166663964363139336130326661333161303666323835623830653236
30306437353364613363643630306664366436373435343738346263353637333433663063623133
64303832386365326665343536323666333237303463633432613265643663303631633131326334
33653963666462316161646661396530356162376462323631376630613537346161623162366331
64316230393565653538373832616264366539666565663238633739326632303535343264306333
32633466323137316439666333373636303664663464396165383036633366616434323737343935
33363133393265623266383538643564356339316666336165303962616563343536336565643964
62323339303537363032346532636438393030633232656662366563343836356138633438333761
34383437393062653361306264393937656330333830383535363330386233663234303239326430
32626266373132316434393136346131376439636638323338396230363631626139656365303131
38386464643336663536333161343939383035393930653737336632393132343432353261643865
36393166333936363831613231373234623633633662343330623866303235336231313263663764
63366666333364306533313265336130333436323163626536626664363432336339343364646263
32643033363434343433363037396530626136636435313838326461396264663166653964363235
65303161613035623262636533396432326535303135633963386331366564646130306664323465
30623438656362643366323062396430643036643138303234306233333663316237376561636563
63386636356535633363643738316166333531353264323765613966306437343031613439616136
65336363623831623133376631383165653264623263653535393965303264336364613235386337
34393734343734343034323039343663363164646233356565353031313663643736643635646362
64336363643632396362306466316237333832623039353533336166306636616430613830323630
32316637623939316337366634663636393665393338363531336637633763373630646533656135
38326634313561613738633430396265356137613233626332313065396161396461666230353932
39366364306538356431313736333732393933613438356161376331366630323862646137653337
39346532396438366563383465626364383261646533366161613633613739636561393466663234
36663936383966626234663036333332633135656632343832643538313739323334343631636438
35343333666635336335656630383230306236363039386437383236356432643735643464393036
31663263323737643165383838373138353161383665376363343131363537303738323666323061
63396465336266303630663130333235363735653739333035653138623039653135396561666630
65393065326233633138636636646366623138616530363364373430323261346233656636383561
63613036373333313863393365326136363231383639663635323838366631323164646163633633
36336565333936393631386332313239343166623435643664313465666364616132363534643531
65656562313961633839303265353637393163656434626463633238633839643130643832633338
39653633396534656136623836656561393636666665646337626334393230333533306233323239
65346131303038323162643136616334313034386336653661336337316632313134613366656464
33316238643437316162653034613632636566613363613634633662393231333063343334363632
65333165666336366461623437623166343761656535343664313034353731363466353937336234
65666430356262373333363432363134316162646534353266386162326362656166326232366466
38636136313066623165373435323533316130656162363963636265376632363931396239343538
34646266333662333631306366383532346161383734326264356261643236386565376464646461
39333630376466373637303134363264313836653835336663363836636135663464393736386262
36666666663433386232316434323763663339666433623431313331323362336130613235363936
37663162316532383735303663303062616132333366373666306637396661326265633434613039
32366466343534313939636639633230396234303733633063646464353133343638333461633163
65313939376265643335363033393032383237306464323066366531616434336333333462643630
37653030326439383765356231373761393837643264373862323366303632366136633735636533
37303865643231623938376365623533393462336432323031323933376165353831643031356265
36393062326663613165386232386533346362313966633638386131653964396134613735666132
32643536396363636636333734326237663766623765386439343066356538383332303964613534
32353630626439303166323237363437333363306239653663653939336663363238376539313464
36633161386662373964393062393032333837626365623064626263386664616430643761626432
35343334643866353161613562653961386566643331303663346561386361333231633762353231
63343331346531636237386632616132376437366463333965626539616165313864336530353637
63373630306666626161333534663239633132346562396236306264303164303036396534356563
34393064366463316239613333613030323166653733383936313035383831663764336232613330
37346338633466623436633334333230666165346237633963623033623365643337326231363866
33663161303332643339656137636361353439643733373338616630326537363430643332666164
62356232393765373337633031616362386264616466323661333161633062616335663365326464
33326164633834663830343431326537636230613833623833373034343733366632633430633833
38363230633766353032343565333063303165663539356137336532623236306538303263313833
65626666386330336332346336633164383664626662366531636333313035626462653539326565
62336330316566623261636563396535616463333131386333656164633832383365333732346639
31326237643938373235636363613732666634646536393037326161373866383631393162316663
37326538326132643963626362386639323339646131663938343438383761616162616165313036
62646664653734323664373737383236353634656565666530623362396661376264353532616466
30376336623839343766653465646664646134663535613837646534363138306533656638623136
35313465343061316533343266656136323234623733656339383032356562383833623532633731
31336431656664303936
